0 0
1 1
2 2 3 4
3 5
4 6 7 8
5 9 10
6 11 12
7 13 14
8 15
9 16 17
10 18
11 19
12 20 21 22 23 24 25 26 27 28 29
13 30 31
14 32 33
15 34
16 10 35
17 36
18 37
19 38
20 39
21 40
22 41
23 42 43 44 45 46
24 47
25 48 49
26 50 51
27 52 44 53
28 54 55 56
29 57
30 58
31 59
32 60
33 61 62
34 63
35 64
36 65
37 66
38 67 68 69 70 71 72
39 73 74
40 75 76
41 77
42 78 79
43 80
44 81
45 82 83
46 84 85 86
47 87
48 88
49 89 90
50 91
51 92 93
52 94 95
53 96
54 97
55 98
56 99
57 100
58 101 102 103 104
59 105
60 67 106 107 108
61 109 110
62 111
63 112
64 113
65 74
66 114 115 116
67 117 118
68 119 120
69 121
70 122
71 123
72 124 125 126
73 127 128 129 130 131
74 132
75 133
76 134
77 135
78 136
79 137
80 138
81 139 140
82 141
83 142
84 38 143 144
85 145
86 146
87 147
88 148
89 149
90 150 151
91 152
92 33 153 154
93 155 156
94 157
95 158 159
96 160
97 161
98 162 68 163 164
99 165
100 166 167
101 168
102 169
103 170 171
104 172 173 174
105 175 176 177
106 178 179
107 180
108 181
109 182
110 183 184
111 185
112 186
113 187 188 189
114 153
115 190
116 191 192
117 193 194
118 195
119 196
120 197
121 198
122 199 200
123 201 202 203
124 174
125 204
126 205
127 206
128 207 208
129 209 210
130 211
131 212
132 213 214
133 215
134 216 217 218
135 219 220
136 221 222 223 224
137 225
138 226
139 227
140 228 60
141 229
142 230 231
143 232
144 233
145 234 235
146 236
147 237 238
148 239 240
149 241 242
150 236 243
151 244
152 245
153 246
154 247 248
155 249 250
156 251
157 252
158 253 254 255 256
159 257 258
160 259
161 191
162 260
163 261
164 262
165 263 264
166 265 266
167 267 268
168 265 269
169 270
170 271
171 272
172 273
173 274
174 275
175 276
176 277
177 278
178 279 280
179 281
180 282 283
181 284 285
182 286 287
183 288
184 289 290 291
185 292
186 293
187 294
188 295
189 296 297
190 298 299
191 300
192 301 302
193 303
194 304
195 305
196 306 307
197 308 309
198 310
199 311 312
200 313
201 289 314 315
202 316
203 317 318
204 319 320
205 158
206 321
207 322
208 323 324
209 325 326 327
210 328 329
211 330
212 331
213 332 333 334
214 335 336 337 338
215 339
216 340
217 341
218 342
219 343
220 286
221 344
222 345 346 347 348
223 349
224 350
225 351 352
226 353
227 354
228 355
229 356 357 358 359
230 360
231 361 357
232 362 363 364 365 366
233 367
234 368 369 370
235 371
236 371 283
237 372 373 374
238 375
239 376
240 377 378
241 379 380
242 381
243 382
244 383 384
245 385 386
246 387 388 389 390
247 391 392
248 287
249 45
250 393
251 394 395
252 106
253 396 397
254 398
255 399
256 400 401
257 402
258 403
259 404
260 405 406
261 407
262 299
263 408
264 409 410 411
265 412 413 414
266 415
267 416 417
268 418
269 419 420 421
270 422 423
271 424 425
272 426
273 427
274 428 429 430
275 431 432 433 434
276 435 436
277 437 438 439
278 440
279 441
280 442 443 444
281 445 446
282 447
283 74 448 449
284 450
285 451
286 452 453
287 454 455 456 457
288 458
289 459
290 460 461
291 90
292 462 463
293 464
294 465
295 466 467 468
296 461
297 469 470 172
298 471
299 114 472 473
300 474
301 54
302 475
303 476 477 478
304 479
305 480 481 482 483
306 484 485 486 487
307 488
308 489
309 490
310 491
311 492
312 493
313 494
314 495
315 496 497 498
316 499 500 501
317 502 503
318 504 505 506
319 507 508
320 509
321 510 511
322 512 513
323 514
324 515
325 516
326 517
327 518
328 182
329 519 520
330 521
331 522
332 523
333 524
334 525 526
335 527
336 528
337 529
338 530
339 531
340 0
341 532
342 533
343 534
344 535
345 536
346 421 537
347 538 539 239 540 541
348 542
349 543
350 544 545
351 546
352 547 548
353 549 550
354 4 551
355 43 552
356 553
357 554
358 555 556 557
359 558
360 559
361 560 561
362 562
363 563
364 564 565 566
365 567
366 568
367 477 569 48 570
368 571 572 573 574
369 575 74 433
370 576
371 317 577 578
372 579
373 580 581
374 582 583
375 584 585
376 586
377 587
378 588 589
379 590 591 592 593 150 594 159
380 595
381 596
382 597
383 598 502
384 599
385 600
386 601 125
387 602 603 604
388 605
389 606
390 32
391 607 608 609 610 611 612
392 613
393 614
394 615 616
395 617
396 216 451
397 618
398 619 620
399 621 622
400 623 624 28
401 625 626
402 627
403 94 628
404 629 630
405 631 632 633 634 635
406 636
407 637
408 638 639 640 641
409 642
410 643
411 644 392
412 286
413 645
414 646
415 647
416 648 649 650
417 651
418 652
419 401
420 653 654
421 655
422 656 588
423 657
424 658 659
425 660
426 661
427 662
428 440 663
429 664 665
430 666
431 667
432 668
433 669 343 670 346 194 671 672 615 673
434 674
435 675
436 502
437 676 677
438 678
439 679 680
440 681
441 682
442 683 684
443 685
444 686
445 428 687
446 688
447 689
448 690 691
449 692 693
450 694 695 696 697
451 698
452 699
453 700
454 701 702
455 239
456 703
457 693
458 704
459 705 706
460 707 708
461 709
462 710
463 711
464 712 369
465 713
466 714
467 715
468 716
469 717 718
470 719
471 720 721
472 722
473 723
474 724
475 725 726
476 727
477 728 729
478 730 673
479 731
480 732
481 733
482 734 735
483 736
484 737 260
485 738
486 739 740 741
487 742
488 743 744
489 745 746
490 747
491 748
492 749 750
493 673
494 751
495 752 753
496 754
497 755 756
498 572
499 757 758 667
500 759
501 760 761
502 686 762 763 764 765 766
503 54
504 767
505 768
506 769 770
507 771
508 772 516 773 774
509 775
510 776
511 777 305
512 778
513 779
514 758
515 780 337
516 781 782 538 239 783
517 784
518 785
519 786 787 788
520 789
521 790 791 792 701
522 793 794
523 795
524 796 757 797 798
525 799 800 801 802
526 419 803
527 804 805
528 806 807
529 808 809
530 810 811 416 812
531 813 814
532 815
533 816 817 395
534 818 819 718
535 820 821
536 822
537 823
538 824 225
539 312
540 825 826
541 827 828 829
542 247 830
543 831
544 832
545 833
546 834 835 836 837 407
547 838
548 210
549 839 840
550 90
551 841
552 842
553 843
554 844
555 845 846 847
556 848
557 849 850 851
558 157
559 852 673
560 853 465
561 854
562 855 856 857
563 858
564 859
565 860
566 861 862
567 863
568 864
569 865
570 866
571 114
572 867 868
573 869 35
574 870
575 871
576 872 620
577 873
578 874 875
579 876
580 877 878
581 879
582 584
583 880 426
584 881
585 882
586 883 884
587 885
588 886 887 858
589 888
590 889
591 890
592 891 892
593 893
594 894
595 895
596 896 897 640
597 898
598 899 371 900
599 901
600 449 757
601 618
602 902
603 903
604 904 905
605 785 906 630
606 907
607 99
608 631
609 908 217 909
610 910 911
611 912 335 913
612 914
613 915
614 916 917
615 918 919
616 920
617 921
618 922 923 924
619 913
620 925
621 926 927
622 895
623 688
624 928 929
625 930
626 931 932 71
627 933
628 934 935
629 936
630 937 938 939 768
631 354
632 344
633 940 941 942 943
634 944
635 945 946
636 333 334
637 947 812 948 949 181 950
638 951 952
639 953
640 5
641 954
642 955
643 956 64 1
644 957 958
645 427 959
646 915
647 960 961
648 686
649 962
650 787 963
651 964 965
652 966
653 967
654 968
655 969 812
656 970
657 500 971 798
658 972
659 973 974
660 99
661 158
662 151
663 416
664 975
665 394
666 976 977
667 978 868
668 979
669 980
670 981 799 982
671 983
672 984 985 986
673 546 987
674 988
675 948
676 989 990
677 991 992
678 993
679 994 287
680 995
681 996 997
682 998 999 1000 1001 979 566 1002 235
683 648 1003
684 1004 1005
685 781 1006
686 1007
687 1008
688 1009
689 1010 1011
690 1012
691 785
692 1013 1014
693 1015
694 1016
695 1017 155 1018 1019
696 1020
697 1021 1022
698 1023
699 1024 1025 1026
700 133 1027 1028
701 28 305
702 1029 1030
703 1031
704 32 1032 1033 1034
705 1035 220 1036
706 1037 1038
707 816 523
708 535
709 1039
710 1040
711 1041
712 1042
713 34
714 1043 1044 1045
715 1046 1047
716 159
717 949 1048
718 1049
719 1050
720 972
721 1051
722 722
723 801
724 1052 589 153
725 1053
726 1054
727 1055 1056 1057
728 1058 1059
729 1060 1061
730 548
731 1062 43
732 1063
733 296 287
734 1064 1065
735 826 1066
736 1067 790 242
737 1068 297 1069
738 493
739 1070
740 419 1071 22 1072 1073
741 1074 1075
742 1076 1077
743 1078
744 1079
745 344
746 1080 1081 1082 1083
747 122 1084
748 39
749 32
750 1085
751 1086
752 1087 1088
753 1089
754 935
755 896 1090
756 1091 1092
757 1093
758 1094 835
759 1095
760 1096
761 1097
762 1098 688 1099
763 1100 475
764 1101
765 1102
766 891 1103
767 1104 1105 359
768 260
769 1106 1107 1108 427
770 1109 673
771 1110
772 1024 1111
773 1112 1113
774 1114
775 864
776 301
777 1115
778 1116 814
779 1053 1117
780 1118 1119
781 1120
782 1121 1122
783 1123 488
784 759
785 1124
786 1125
787 1126 949
788 1127 1128 1129
789 1130 1131
790 1132 1133 1134 1135
791 1136
792 1137
793 1138 645 1139
794 1140
795 1141 1142
796 560 1143 1144
797 1145 1146
798 1147
799 1148 1149
800 1150 1151 1152 1153
801 1154
802 1155 1156
803 1157
804 51
805 1158
806 1159 1160
807 1161
808 1162 1163 1164 244 1165 1166 1167 811 1168
809 732 406 1169
810 905
811 1170
812 1171 1172
813 1173
814 49 1174 1175 1176
815 1177
816 1178 1179
817 1180
818 1181
819 1182 1183
820 491
821 439
822 1184
823 1185 1186
824 1187
825 1188 1189 1190
826 1191
827 1192
828 1193
829 1194 1195
830 788 1196 1197
831 1198 1199 1200
832 1201
833 1202
834 903 1203
835 1204
836 1205
837 1206
838 1207 1107 24 1208
839 1032 1209 1210
840 1211 1212
841 1213 1214
842 1215 763 1216
843 1039 694 606 1217
844 1218 1219
845 1220
846 424
847 1221
848 1222 1223 1147 1224 1225 1003 1226
849 1227
850 1228
851 781 453
852 728 590 389
853 1229 1230 1231
854 1232
855 1233 1234 1112 1235
856 1236 1237 715
857 1238 502 1239 1240
858 1241 331 1242
859 1243 1244
860 526 1245 1246
861 393
862 931
863 1247
864 1248
865 1249 1250 1251
866 1252 1253 1254
867 1255 1256
868 1257
869 872 1258
870 1259 1260 798 1261 1262 1263
871 1264
872 798 1263
873 400
874 1265 110
875 519
876 1266 1267
877 1268 48
878 1269
879 1270
880 1271
881 124 116
882 1272 1273
883 1274 1275 1276 235 551
884 1277
885 1278 1030
886 1279
887 883 156
888 1280 77
889 1281
890 1039
891 953
892 1282
893 1283
894 1272 1284 67
895 1285
896 1286 1287 1288 514
897 1289
898 1290
899 1291
900 1292 1293 1294 1020
901 1295
902 36
903 1267
904 1296 611
905 1297 1298 1299 1170 1300 1301
906 1164 137
907 1302
908 1303
909 1304 1305 1172
910 1306
911 1307
912 1308
913 101 1309 1310 1311
914 227 1312
915 1313 1314
916 687
917 683 1315 1316 1165
918 203
919 1317
920 1318 1319 703 758
921 1320
922 1321
923 1322
924 1323 1140
925 1028 1171 1324 214 1325 1326
926 1030
927 306
928 228
929 1076
930 195 626
931 1327
932 1328
933 1030 1291
934 1329
935 1330 1331 1332 383
936 1333 1334 1335
937 1336 1337 1317
938 1338
939 1339 1340
940 1156
941 1127 1284
942 1341 992
943 1342 1343
944 1344
945 1345
946 876 1346 1347 1099 579 955 1348 1349
947 1350
948 1351 398
949 1352 212
950 214
951 1353 1354
952 1355 1356
953 1357 1358 1359 1360 1262 1361
954 1362 1363 1364 1365
955 1366
956 1367
957 1368 135 1369
958 1370 1371
959 602
960 375 1372
961 1193
962 1373
963 1374 1375
964 229
965 1376 838 1377
966 38 1378 284 770
967 1379
968 1380
969 628 1381
970 736 1382
971 1383 526 1384
972 1385 1128
973 1386
974 1387 785 795 1388 1389
975 1390 535
976 1391 1049
977 1392
978 1393
979 1394
980 1395
981 1396 1397 878
982 502 1339
983 952
984 1398 1399 1400
985 1401
986 401 1402
987 326 462 1403
988 1404
989 1405
990 1406
991 854
992 1407
993 1408
994 1357
995 189
996 1409 1410 1411
997 1412 367
998 1413 1414 833
999 1415 1416
1000 1417
1001 1384
1002 1418
1003 1126 1419 1420 488
1004 1421 1312 1422
1005 1423 1424
1006 1425
1007 522
1008 1426
1009 1427 1428
1010 1429
1011 1430 1431 590 1432 1433 1434
1012 1435
1013 1232 1436
1014 1437
1015 1438
1016 1439 1440 1441
1017 1442 1023 565
1018 34
1019 1443
1020 1444
1021 1445
1022 1446 1447
1023 1448
1024 1449
1025 1450 422
1026 57
1027 1451
1028 1452 1453
1029 1454
1030 1455
1031 1456
1032 1457 68 1458
1033 1459
1034 308
1035 151
1036 1460 969 1461
1037 1304
1038 1462 1463
1039 1464 1465
1040 1466 987 1467 1468 1469 616
1041 1470
1042 1471 1323
1043 574 1472
1044 1473 1474 526 538 1475
1045 1476
1046 1477 1478
1047 1479
1048 1480
1049 1481 1188
1050 1482
1051 703 1483 1484
1052 1485 640 1486 1487 712 1488 427 1489
1053 1490 1491
1054 1492 1493
1055 1494
1056 1495 1496 1227
1057 1497
1058 1498
1059 1499 1500
1060 1501 1502
1061 1503
1062 1504 1003
1063 592 1505
1064 1229 1506 1507 1508
1065 1509
1066 1234
1067 1510 1511 1512 1513
1068 1401 1514
1069 1286 922
1070 1195
1071 1515 1516
1072 1517
1073 896
1074 1518 1519 1520 1521
1075 1522 1523
1076 1524
1077 1525 1526
1078 1527
1079 345
1080 1528 333 1529
1081 1530 1531
1082 1532
1083 419 1533
1084 1534
1085 1495
1086 1535
1087 1487
1088 1481
1089 1536
1090 1537
1091 1538 1341 1539
1092 1540
1093 1398 6 1541 1542 1543
1094 1544
1095 899
1096 1545
1097 963 1546 1547
1098 1548
1099 1549
1100 1550
1101 956
1102 1259 1551
1103 1552 1553 920
1104 1554
1105 1555
1106 1556 869
1107 1557 1558
1108 1090
1109 1559 1560 1390
1110 1561 1562 612 1563
1111 1143
1112 1564 580 1565
1113 979 640
1114 1566
1115 1567 8 746
1116 1568
1117 1569 1570
1118 1571
1119 289
1120 1572
1121 502 1573
1122 1574
1123 1575 1365
1124 1576
1125 1577 1578 1579 810 1580 1563 1581 18 590 1582 1583 939 1584 14
1126 733 1585 679
1127 620
1128 723
1129 1586
1130 1091 0 1587 1588 1589
1131 1590
1132 1010 1591
1133 1592 1593 1424
1134 1131
1135 725 294
1136 1594 1003
1137 1595
1138 1596 1597
1139 1598
1140 1599
1141 1600
1142 1601
1143 1602
1144 476
1145 1603
1146 1604 1605
1147 902 1606 1607
1148 1412
1149 1557
1150 239 1608
1151 1609 1350
1152 663
1153 1610
1154 1003
1155 1611
1156 1612 1463 1613
1157 941
1158 1614 1615
1159 1616
1160 230
1161 1606
1162 1169
1163 1617 1618
1164 1619 524 1118 1620
1165 1621
1166 1622
1167 1623 1624 1625 643 1626 205
1168 1627 1615
1169 1628
1170 1629 762
1171 1630 1631
1172 1239
1173 1632
1174 1633
1175 1634 1134
1176 896 1635 620
1177 1636
1178 1637
1179 1638 1639 1640
1180 1641
1181 1642 1643 1644
1182 620
1183 1645
1184 1646
1185 118
1186 1647 992
1187 496
1188 1648
1189 361
1190 1649
1191 1650
1192 1651
1193 1652 990 1653
1194 1654 1655
1195 1656
1196 1657 1658 1659
1197 1660 675
1198 1661
1199 399 1030
1200 1265 1662 1663
1201 1664 1665
1202 1666 1248
1203 1667
1204 196 1148
1205 1668
1206 2 1669
1207 1670 1671
1208 1672
1209 1092 1620
1210 1673 526 1315
1211 1674
1212 1675
1213 170 1676 231 1677
1214 1678 1555
1215 419
1216 1679
1217 1680 1681
1218 1682 1683
1219 1684
1220 1685 1686 1687 1060
1221 1688 1689 1690
1222 1691 1692
1223 1693 969 1694 1695 1696
1224 1697 1528
1225 991
1226 1698
1227 1699
1228 1700 1701
1229 1702
1230 1703
1231 1657 670 279
1232 1704
1233 1705 434
1234 1706
1235 1707 1708
1236 1709 1710
1237 1711
1238 1229
1239 313 1712 214
1240 236 596
1241 1713 1714
1242 621
1243 1715 1716
1244 1717
1245 1718 1719
1246 108
1247 1720
1248 1721
1249 1469
1250 1722 1723
1251 1724
1252 301
1253 1431 1725 1726 1727
1254 1728
1255 1729
1256 1730
1257 770 255 1731 1732
1258 625
1259 1733 1734 98
1260 1735
1261 1736 1737 921
1262 1496
1263 1738
1264 1739 1740
1265 1741
1266 1728
1267 1742
1268 1206 1743
1269 1744 64 1745 1746
1270 813 510
1271 1747 1748 1749 1391 1049
1272 1116
1273 948 937
1274 1750 556
1275 1413 1603
1276 1751
1277 1752 1753
1278 1754
1279 1755
1280 1187
1281 29
1282 1756 1757 1758
1283 1759 1760 1761
1284 1762
1285 1763
1286 7
1287 1764
1288 1765 1766 1767 261
1289 101 1768
1290 1769
1291 1770
1292 1771
1293 998
1294 41 1536
1295 1772
1296 1051
1297 1773 1774
1298 1775 1776
1299 1777 1778
1300 1779
1301 1780
1302 1781 1782
1303 1783
1304 746
1305 468
1306 201 571 998 1784 1785
1307 687 1113 1786
1308 1787 1788
1309 183 1789 1790 1227
1310 1791
1311 213
1312 1792 1793
1313 1794 1795 1030 280
1314 1796
1315 1109 1797 55 1414 1161 53
1316 1798 958
1317 401
1318 1799
1319 936
1320 1800 1801 1802 1803 1804
1321 871 1805 1806
1322 1310 1807
1323 1808
1324 1809
1325 1810 1811 1812 1813 1814
1326 1815
1327 586 1816 1817 1818
1328 1514
1329 1765
1330 1819 524
1331 1820 1821
1332 577
1333 1822
1334 1823
1335 1824
1336 1825
1337 1826 1827 1828
1338 1387
1339 1313
1340 239 1829
1341 1830 1209
1342 1831 1646
1343 1832 1349
1344 959
1345 1387
1346 1833
1347 1834
1348 1835
1349 1836 1837
1350 1838
1351 1839 1840
1352 480 1795 1675 1246 1841
1353 1557
1354 1842
1355 1843 1844
1356 1845
1357 1846
1358 1847 1848
1359 1849 300 1850
1360 1851
1361 1852 1853 1854
1362 273
1363 1855 529
1364 1377
1365 1856
1366 382 1857 1858 1859
1367 1860
1368 604 1861
1369 289
1370 1862 1863 1864
1371 1865
1372 187
1373 127 1007
1374 74
1375 702 1866 1852
1376 1867
1377 1868
1378 1869
1379 1870
1380 1871
1381 1872 821
1382 1449 1873
1383 909
1384 1538
1385 1419
1386 1407
1387 173
1388 166
1389 1874 1875
1390 417
1391 1130
1392 753
1393 1876
1394 1877 221
1395 440 1878 1879 616
1396 1880
1397 1881 1882 1883
1398 1884
1399 1885 1886 1887
1400 1371
1401 1888
1402 1889
1403 958
1404 732
1405 1009
1406 1890
1407 1891 1892
1408 1893
1409 579 312
1410 1894 746
1411 1360 1895 1263
1412 1150
1413 1896
1414 109
1415 978 309
1416 301
1417 1897 1687 1898
1418 1899 1900 340 1901
1419 170
1420 1902 1082 1903 557
1421 1904
1422 202
1423 1905 1860 1906
1424 1907
1425 1670
1426 1908
1427 1909 1910
1428 1824
1429 1911
1430 1586 1902 301
1431 211 1912 332 333 1278
1432 1119
1433 1913
1434 162 705 1273 1100 1914 1915
1435 1916
1436 1917
1437 1918 1071 1919 1830 624
1438 1920 1921 975
1439 692 1922 1923
1440 1924
1441 1925 1926
1442 319
1443 1927 1928
1444 1397
1445 1929
1446 1533 1930
1447 1931 1932
1448 1450 1933
1449 1934
1450 1935 1936
1451 1937
1452 1938 1939 1382
1453 1940 1874 1941 199 83
1454 1068
1455 1942
1456 1943 1944
1457 1248
1458 1945
1459 1946
1460 1947 1484 1948
1461 1233
1462 1949
1463 970 579
1464 1950 1070 1951 1412 1952
1465 1953 1954
1466 526
1467 772
1468 1125
1469 387 1908
1470 1955 1956
1471 27
1472 1957 1958
1473 1959
1474 1960
1475 355
1476 1485 1961
1477 378
1478 170
1479 1962 155 1963
1480 1964
1481 1965 1637
1482 1966 1967 317
1483 1968 697 1746 1227
1484 21 40
1485 1839 1969
1486 1095 1970
1487 1971
1488 1972
1489 1917
1490 1973
1491 1173
1492 1871 1974
1493 1814
1494 298
1495 1975
1496 1976 1977 1978
1497 1979 50 625
1498 310
1499 1980 457
1500 1230 1981 274
1501 1982
1502 1354
1503 1633 1983 597
1504 1984
1505 131
1506 1985 1986
1507 1987 1712
1508 969
1509 640
1510 1531
1511 1988
1512 1989 746
1513 94
1514 1990
1515 1991 1992
1516 1993
1517 1994
1518 1995 1996 1997
1519 1998 1999 2000
1520 2001 1775
1521 2002 2003 1834
1522 1995
1523 945
1524 2004 2005
1525 2006 2007 2008 1310 2009 1939
1526 2010
1527 2011
1528 285
1529 2012 673
1530 2013
1531 2014
1532 2015
1533 2016 597
1534 2017 167 2018
1535 370 1825
1536 1035 1099
1537 1785
1538 2019 193
1539 2020
1540 2021
1541 2022
1542 1327
1543 2023
1544 442 2024
1545 1777
1546 2025
1547 2026
1548 1566
1549 2027 2028 2029
1550 1066 1581
1551 547 1171
1552 2030 2031
1553 2032
1554 2033 2034
1555 2035 2036
1556 2037
1557 1977
1558 1130 882 2038 106
1559 2039 2040 2041
1560 498
1561 1003
1562 1383
1563 2042 2043 2044
1564 1517
1565 2045
1566 938
1567 2046
1568 2047
1569 2048
1570 540 2049
1571 1506 2027 686
1572 2003
1573 632
1574 700
1575 532
1576 2050 652 2051 2052 656 2034
1577 1367
1578 2053 1344 807
1579 835
1580 2054 2055
1581 1341
1582 636 1339
1583 2056 1488
1584 2057
1585 2025 2058
1586 2059 2060 86
1587 1638 772 1267
1588 1742
1589 2061 2062
1590 568
1591 2063
1592 82
1593 1119
1594 1861
1595 1813 69
1596 1092 2064
1597 2065 1716
1598 2066
1599 1931 2067
1600 2068 2069
1601 2070 2071 1114
1602 2072 377
1603 2073
1604 2074 2075
1605 1826
1606 241 2076 2077
1607 2078
1608 1645
1609 1052
1610 2079
1611 2080 185
1612 2081
1613 2082
1614 965
1615 207
1616 2083 616 2084
1617 2085 2086 2087
1618 963
1619 1287 2088 1746
1620 989 1600 2089
1621 2090
1622 2091 2092
1623 2093 2094
1624 1440 298
1625 874 2095 1778
1626 499 673
1627 2096 2097
1628 2098
1629 2099
1630 483
1631 2100 2101
1632 2102
1633 1532
1634 1576
1635 2103
1636 2104
1637 141 31
1638 1457 141
1639 1309 2105
1640 796
1641 1979 2106 1803 725
1642 850
1643 2107
1644 821 137
1645 2108 2109
1646 2110 90
1647 2111
1648 2112 1149
1649 534
1650 962 946
1651 982
1652 2113
1653 2114
1654 1480 1410 2115 2116
1655 2117
1656 2118
1657 1333 2119 2120 1648 2121 2122 840
1658 2123
1659 2124 2125
1660 2126 533 74
1661 616 2084 2127
1662 2128
1663 380 1749
1664 1360
1665 2129
1666 2130
1667 2131
1668 2132 706
1669 1195
1670 2133 2134 2135
1671 289
1672 379 2136
1673 2137
1674 2138 2139 134 2140 901
1675 2141
1676 874 2142
1677 454 140 2143
1678 1330
1679 2144 85
1680 1354
1681 2145
1682 2068
1683 2146
1684 2147
1685 1114
1686 1594 2148
1687 1094 2149 2150
1688 1208
1689 427 86
1690 2114 2151
1691 1430 225 2152
1692 2095
1693 331
1694 1222 533
1695 1689 1003
1696 1360
1697 2153 2154
1698 2155
1699 2156
1700 2157 1125 1340
1701 970 1797
1702 2158
1703 2159 2160
1704 810
1705 481 740 971 2161 2162
1706 995 2163 2164
1707 744
1708 1727
1709 187
1710 2165 2166 2167 590 2168 2169
1711 173
1712 2170
1713 2171
1714 214 2105
1715 2172
1716 2173
1717 2174 2175
1718 2158
1719 1768 2176 1300 2177 374
1720 180
1721 1522 2178
1722 2179 2180 2181
1723 2182
1724 1589
1725 1884
1726 2183
1727 99
1728 2184 2185 2186 2187 2188 2189
1729 2190 1948
1730 1623 1493
1731 2191
1732 906 2192
1733 2193 2194 2195
1734 1974 2117
1735 2196
1736 2197
1737 2198 452 217 645 314 2199
1738 2200
1739 2201
1740 2202 2203 2204
1741 341
1742 1338
1743 2137
1744 277 147
1745 990
1746 1927 2205
1747 2206 540 570
1748 2207 92
1749 2060
1750 2208
1751 38 288
1752 2209 19
1753 1292
1754 2210
1755 1578 2211
1756 1235
1757 2212 2213 2214
1758 2215
1759 287
1760 426
1761 1273
1762 2216
1763 2217
1764 1003 916
1765 692 2218 1321 520
1766 2219
1767 2220
1768 2221 969
1769 2111 2222
1770 2223
1771 2224
1772 1186
1773 1926 1598
1774 2225
1775 1400 1433
1776 2226
1777 301 657
1778 300
1779 2227
1780 2228 606 2229
1781 1378
1782 1559
1783 1027
1784 2230
1785 2157
1786 1006 803 2231
1787 2232 1483 285
1788 1779
1789 2233 2234 28 1780
1790 2235 141
1791 410
1792 2206 2236
1793 969 932 2237
1794 485
1795 2238
1796 424 2239 2240
1797 99
1798 2241
1799 2242 2243
1800 2244
1801 1332 2245
1802 2026 2246
1803 1887
1804 2247 1891
1805 2248 12
1806 930 2249
1807 1844 1853 1854
1808 1033 721 1395 2250
1809 1898
1810 2251
1811 2225 2252 757 901 181
1812 2253
1813 462 417
1814 617
1815 2254
1816 1562
1817 1098
1818 2255
1819 1263
1820 2256 2257
1821 2258
1822 592
1823 1972
1824 2259 1404
1825 1626 2260 2261
1826 2262 1466 2263 2264
1827 2265 2266 673
1828 2267 545
1829 2268 2269
1830 2270
1831 2271 2259 1949
1832 2272
1833 2273
1834 2274 2275
1835 2276
1836 71
1837 2277
1838 2278
1839 2279 2280 2281 2282
1840 2283 2284
1841 305
1842 2153
1843 2285
1844 2286 2287
1845 2288 2289
1846 2290
1847 469 2291 1964
1848 1670 1231
1849 2292 2293
1850 1394 1735 1982
1851 2294 2295 137 2296 2297
1852 287
1853 2298 2123 2299
1854 2300
1855 396
1856 417 309
1857 1088
1858 912
1859 972
1860 1465 2301 278
1861 1039 1067 2302
1862 2303
1863 2304
1864 864
1865 2305
1866 150
1867 2306 1543
1868 67 2307
1869 1332
1870 2308 2189
1871 2309 667
1872 1528
1873 2310
1874 915
1875 2311 2312 1771
1876 188
1877 787
1878 2313 2314
1879 2315
1880 2316
1881 870 417
1882 2317
1883 2318
1884 2291
1885 854
1886 647
1887 2319
1888 2060
1889 2320
1890 2321
1891 889
1892 1618
1893 2322 2323
1894 2050 2324 2325 967
1895 291
1896 2326
1897 2327 2328 2186
1898 2329 212
1899 2330
1900 2331 2332
1901 2302 44
1902 2333
1903 1647 2334 2246
1904 2335 2336
1905 282
1906 2337
1907 414 1766 2338
1908 2339
1909 2340 2341
1910 2342 1622
1911 2343
1912 603 2344
1913 864
1914 2345
1915 2346 592 2347
1916 2348
1917 2349 514
1918 2350 2351 846 63 675
1919 118
1920 2209
1921 2352
1922 365
1923 326 120
1924 2353
1925 2354
1926 2355 2356 640
1927 114 763
1928 2357
1929 2358
1930 1851 2359 2360 2361
1931 2362 1942
1932 2363
1933 2364 1798 1747
1934 2365 1574
1935 2283 1453
1936 2366 2367
1937 2368
1938 1117
1939 2369 488 2370
1940 2371
1941 599
1942 2372
1943 1315 2373
1944 1809 2374
1945 1756 237 1755
1946 1983 860
1947 2375 2376
1948 2377
1949 2378 417
1950 864 407 857
1951 2379
1952 1358 2380
1953 2381
1954 717
1955 2382 2383
1956 2384
1957 695
1958 2385
1959 2386
1960 1229 488
1961 1341
1962 1805
1963 1255
1964 2387
1965 949 616
1966 2388 1678
1967 533 1378
1968 951 416
1969 1199
1970 2389
1971 190
1972 243 2365
1973 1471
1974 2390
1975 1216 235
1976 2391 1814 176 2392
1977 2393
1978 2186
1979 161 2394 413
1980 2395
1981 180
1982 2396 690
1983 2397 2398 719
1984 2323 2399 2400 1554 1368 2401
1985 1036
1986 2402
1987 2403
1988 1954 2404
1989 293
1990 2127
1991 2405 2406 1156 1857
1992 575
1993 2407 2408
1994 2356 1432 1251
1995 156 1699
1996 658 2409 2410 8
1997 2411 2412
1998 2413 1947 2414
1999 2415
2000 1531
2001 713 1738
2002 1905 2416
2003 2082 1464 2417 2172 2418
2004 2330 2419
2005 2420
2006 2197 518 2421
2007 2422
2008 1573 2423
2009 2424
2010 462 687 2425
2011 1003
2012 2426 1028 140 2427
2013 2428
2014 2429
2015 2430 2431 2104 178
2016 2432 93 2433
2017 1342 29
2018 2434
2019 2435 2436 2437
2020 2438
2021 2286
2022 1848
2023 1148 2439 673
2024 1953
2025 1666
2026 2440 2441 407
2027 427
2028 2442
2029 2443
2030 2444 2103
2031 694 891 1864 2445
2032 1348
2033 1151
2034 1097 1511
2035 2110
2036 2446 2447 344
2037 2448 2449
2038 2450 2451 1912
2039 2452
2040 1734 2453 2454 2455
2041 124
2042 2456 2457
2043 538 2458 2044 2459 19
2044 2460
2045 298
2046 2461
2047 250
2048 2072 2462 2463 1528
2049 2464
2050 1060
2051 2465 1707 1177 2054
2052 2466 1777
2053 131
2054 2467 200
2055 219 1554
2056 2170
2057 1324 214
2058 362 590 2468 764
2059 2469 774
2060 2411 1470
2061 1215
2062 2470 1638 1586 640 317
2063 1886 262 2344
2064 2471
2065 2472
2066 1445 2473 2302 1511 2474 1512 2075
2067 2032
2068 2475
2069 2476 2477
2070 758
2071 2478
2072 2479
2073 2480 675
2074 2481
2075 1515 2482
2076 1607 417
2077 673
2078 2483 2484 2485
2079 2486
2080 2487 1050 317 775 1489 2376
2081 2488
2082 2489
2083 2490
2084 1086 2491 91 1571 2492 794
2085 1040
2086 896 2493
2087 1003
2088 2494
2089 1003
2090 2495
2091 404
2092 2496
2093 1492 112
2094 1156 2497 2498
2095 2499 1191
2096 651
2097 2282 1160
2098 1011 675
2099 2500
2100 2501 1273 986
2101 823
2102 2502 1886 1152 1893 812
2103 2503
2104 1611
2105 517
2106 2504
2107 2505
2108 2506
2109 1427
2110 640
2111 1059
2112 956 2507 2508 2509
2113 1154
2114 2510
2115 2511
2116 2512 1432
2117 2513
2118 2514
2119 1658 1636 2515 317
2120 2516
2121 2226 2517
2122 455
2123 134 2518 672 473
2124 2519 739 2520
2125 2490
2126 2521
2127 2522 2523
2128 396
2129 316
2130 2524 268
2131 2525
2132 2526
2133 2527
2134 2528 2529 2530 1240
2135 365 333 895
2136 2531
2137 341 2532 2533
2138 606
2139 353 2534 676 1583
2140 1635 1044
2141 961
2142 2038
2143 1643 890
2144 2535 2428 687
2145 2184
2146 2536
2147 336 2537
2148 2538
2149 323
2150 1413 461
2151 1650
2152 2539
2153 660
2154 2377 239 2540
2155 2203 2541
2156 2542
2157 2543 1310 1807
2158 754
2159 1906 1026 2544
2160 2140
2161 1816
2162 354 1729 2545 765
2163 1506 293 2546
2164 401
2165 2547
2166 611
2167 2548 2549 2550
2168 198 1938
2169 1499 2551
2170 2552 2191 2553
2171 2253
2172 2554 1660
2173 1552 927
2174 1601
2175 2555
2176 1760 1563
2177 1472 2556
2178 2557 214 1786 305
2179 2558
2180 2559
2181 1680
2182 2397
2183 2560
2184 1721
2185 2561 2562 2563 2564 1225 423
2186 1276
2187 84 502 2149 181
2188 2565 844
2189 2566
2190 354 696 1149
2191 527
2192 1818
2193 2567
2194 1147 943 2043 1296 611
2195 2306
2196 2568 1643
2197 2419
2198 1360 2569 2570 2571
2199 2572 626 437 949
2200 2573
2201 1695 1761
2202 2574 1237
2203 1880
2204 2575
2205 1713 2576
2206 2577
2207 2578 2579
2208 2580 2073
2209 2581
2210 1670 1252 239
2211 2582 1341
2212 2583
2213 452 1020 195
2214 2584 2585
2215 2586 1520
2216 951 124
2217 2587 1195 502
2218 1606
2219 2588 368 302
2220 2589
2221 32
2222 1405
2223 2590
2224 878
2225 509
2226 2591
2227 2592
2228 2593 861
2229 2594
2230 2595
2231 2280
2232 2596
2233 2597
2234 2598
2235 2599 2600
2236 344 2101
2237 79
2238 1693 397
2239 2601 1513 1750
2240 2602
2241 1064 124 2603
2242 62
2243 2604 2605
2244 2606
2245 1818
2246 1730
2247 2607
2248 2608 664
2249 2609 1848
2250 1056 1174
2251 2610 2611
2252 1964 2612
2253 2056 461
2254 2613 2614 630
2255 1474 2035 2615 2616 2617
2256 2618 2619
2257 1186
2258 813 2620
2259 78
2260 2621 2622
2261 2623
2262 2624
2263 2017 2625
2264 2626
2265 2627 2296 2628 1978
2266 2186 2629
2267 2630
2268 2631
2269 2632 2633
2270 2634
2271 1744
2272 2635 1122
2273 2636 2205 2637 1132
2274 205 2638
2275 2639
2276 2058
2277 417
2278 1935
2279 2640
2280 2090 2641 1960
2281 2642 2643
2282 2644
2283 710 1195 799 2645 2323 402
2284 2130
2285 2646
2286 2647 549
2287 2648
2288 2649
2289 2650 2597
2290 2651 2652
2291 2653
2292 2654
2293 2655
2294 1145
2295 2656
2296 2568
2297 2657
2298 1003
2299 576 2532 2658 99
2300 2042
2301 851
2302 427
2303 1009
2304 2659 734 298 2660
2305 2423
2306 2355 2661
2307 2662 473 2663
2308 2664
2309 126
2310 221 898 1958
2311 2665 2666 448 2667
2312 539
2313 2668 2262 2669 1171
2314 1402
2315 2632
2316 2670
2317 371 627 1621 2671
2318 2672 2673 2674 2675 2473 2474
2319 2676
2320 652 813
2321 2677
2322 2487
2323 1564
2324 2678 2679
2325 2680
2326 2481
2327 834
2328 447 2681 2682
2329 2683
2330 2684
2331 1705
2332 2685
2333 2686
2334 2513
2335 2528
2336 2379 2244
2337 982
2338 2687 2688
2339 1732
2340 2689
2341 2690
2342 2512 473
2343 2063 2691 434
2344 2672 673 2094 1291 2692
2345 2315 168
2346 2693
2347 2694
2348 2695 2356 1786 439
2349 2696
2350 668 2697 2698
2351 2119 2550
2352 2699 2700
2353 2701 2337 1517
2354 2702 2703 1165
2355 2704
2356 344 2705
2357 36
2358 2577 2706
2359 1497 2509
2360 2707 2708
2361 858
2362 863 1393
2363 2709
2364 346
2365 2710 2711
2366 2712 1505 2347
2367 2713
2368 2014 2714 1523
2369 858
2370 2587
2371 1920
2372 2715 727
2373 2716
2374 1965 2717 994 2718 2325
2375 1750
2376 1130
2377 2719
2378 2720 2721
2379 1376 2722
2380 131 2034
2381 1195 134
2382 2723 1302 427
2383 2609
2384 2724 1024 2120 2725
2385 958
2386 2726
2387 2727 516
2388 2728
2389 2729
2390 239 2730 2122
2391 350
2392 2078
2393 525 1131
2394 2417
2395 485
2396 2731
2397 2469
2398 2732
2399 2733
2400 839 2734
2401 2735
2402 2228
2403 2736
2404 2737
2405 2738 2739
2406 969
2407 2740
2408 2341
2409 2741
2410 590
2411 1034
2412 2742 2029
2413 2743 2744 2745
2414 2746
2415 2146
2416 2268
2417 1798 2747
2418 2748 2749
2419 762 2750
2420 2368
2421 57
2422 2751
2423 1655
2424 280
2425 2511
2426 78
2427 2752
2428 1980
2429 2753
2430 239 2754 2755
2431 2756 327
2432 2048
2433 2757 904
2434 2758 1562
2435 97 1237
2436 2004
2437 888 799
2438 781
2439 1620
2440 2759
2441 1875
2442 2760 2761
2443 2067
2444 2762 2763 837 2764
2445 627 2765
2446 1357
2447 208 2766
2448 2767
2449 1069
2450 2768 2769
2451 372 767 1966
2452 526 2770
2453 2771
2454 2772
2455 2773 2718 2774 1284 2775 1587
2456 2776
2457 2777 2778
2458 2779
2459 2780
2460 333 2781
2461 17 2782
2462 2783
2463 2784
2464 2785
2465 2077 1808 2302
2466 1003
2467 1758
2468 1451
2469 2786 2380 1932 864
2470 2638
2471 1065 2024
2472 2787 2788
2473 2786 743
2474 1343
2475 2789 2790
2476 2791 2792
2477 2793 2107
2478 2794
2479 2795 1441 763
2480 2387 633
2481 2561 2404 2796
2482 2289
2483 2797 1294
2484 2798
2485 2799
2486 2688 496
2487 2800 2801
2488 1644
2489 219 2802 579 1182 407
2490 2803
2491 2804
2492 2805
2493 2806
2494 2807 418
2495 2505 2808
2496 2387
2497 2809
2498 1997
2499 1797
2500 2810
2501 2660 2811
2502 1030
2503 1957
2504 720 152 1842 1835
2505 2812
2506 1358 2708
2507 2813 2814
2508 166
2509 2815
2510 1061 2816
2511 2817 1021 810 2818
2512 343 2819
2513 2820
2514 1604 2321
2515 2821
2516 2822 1444 2823 2824
2517 140
2518 134
2519 2053 1380 1243 1776 896 1045
2520 2825 1491
2521 382
2522 74
2523 2826
2524 1577
2525 2684
2526 2136
2527 1496
2528 2827
2529 2828 2829 656
2530 2830
2531 2831
2532 2832
2533 2328 2106
2534 2833
2535 2834
2536 2835 1811 2836 2837 2838 2392
2537 2839 1132
2538 1920 587
2539 424 289 2840 2841
2540 2021
2541 2483 1210
2542 2306 507
2543 1560 2842 422
2544 218
2545 1385 2770
2546 338
2547 609 729 1944
2548 2544
2549 607
2550 2102
2551 2843
2552 2728 2639 731
2553 2842
2554 1353
2555 1594 2844 2845 1987 2245
2556 512 2846 753
2557 2847 1702 812 708
2558 2848
2559 1604
2560 1966 334 488
2561 2849
2562 1733 2562 1223 2850 2133 2851 2852 2853 1970
2563 2854 1252 2855 2856
2564 2857 2287 72 336
2565 1630 2858
2566 895
2567 2722
2568 1664 438
2569 2859 1156
2570 2527
2571 2860
2572 2310 281
2573 1325
2574 2861
2575 549
2576 1219 2399 352
2577 2231 2681
2578 2862 2863 1725
2579 804
2580 1512 1570
2581 2864
2582 2664 2865
2583 1865 2414
2584 2168 615
2585 2866
2586 1630 2368
2587 2867
2588 361 356 357 2161
2589 2868 1724 2869 2870 317
2590 2311
2591 1476
2592 1357
2593 2871
2594 1255 2872
2595 964
2596 1256
2597 1929 479 669
2598 774
2599 148 2873 2874 2529
2600 2873 2653
2601 2875 1556
2602 150 2105
2603 1130
2604 1421
2605 1660
2606 1162 2876
2607 511
2608 2877 2878
2609 2879
2610 59
2611 2880 2881
2612 2254
2613 2882
2614 2883 2804
2615 2884 2885 2886
2616 2641
2617 999 2887
2618 563 2786 2407 2408 2888 1561 2889
2619 2890
2620 2891
2621 2601 1134
2622 72
2623 2796
2624 2892
2625 343 2893
2626 2355 901
2627 1665
2628 103 2894
2629 2895
2630 94 2896
2631 2897
2632 2485
2633 2898
2634 1271 48 2841
2635 2250 2498
2636 2899 2447
2637 2900 2360 955
2638 1900
2639 2901
2640 2902 424 1412
2641 2768 2769
2642 1136
2643 2903 2904
2644 2905
2645 2906 385
2646 2300
2647 2516
2648 2907 2908 2548 2797
2649 2909
2650 2291 2910
2651 2911
2652 1566
2653 2912
2654 2144 504 2913 1063 2914 544
2655 2915 555
2656 679 2916
2657 919 2066
2658 2728 1003
2659 1198 654
2660 2302 1002
2661 2917 90
2662 2918
2663 2919
2664 1657
2665 504 1293 2761 2920
2666 2783
2667 2921 1947 1484
2668 1955 2922 2923
2669 1657 326 482
2670 2924
2671 2925
2672 212
2673 2926 2228
2674 2193 942
2675 2927 49 1306
2676 2928
2677 2273 649 1202 2049 1003
2678 2929
2679 838
2680 686 1174 2162
2681 2126 2930 214
2682 1047
2683 2931 2608
2684 2422
2685 684 2932
2686 2933 729 2934 2935 2936
2687 1104
2688 2779
2689 2277 2937 2938 898
2690 1422
2691 2939
2692 501
2693 2940 2848
2694 1588 2941 1837 2348
2695 900 2736
2696 1858
2697 2942 2610 2605 365
2698 1130 2943
2699 317 578
2700 1651
2701 2944
2702 1308 703
2703 2941 2945
2704 2946
2705 2085
2706 2947
2707 1754
2708 2948
2709 2949 2631 2950 0
2710 2951
2711 2952
2712 52
2713 2953
2714 1540
2715 2954
2716 1504 753 2955 2806
2717 2956 2078 2957 1257 2958
2718 444
2719 1921 2959 2726
2720 1031 1547
2721 2960
2722 784
2723 2134
2724 1314
2725 1533 2961
2726 1045 1306 2962
2727 2371
2728 2963
2729 2964
2730 88 1199 2965
2731 2171 2666 636 89
2732 2596
2733 2966
2734 679 2967 2968
2735 1479
2736 950
2737 286
2738 2846
2739 2558
2740 2969 559
2741 973 2970
2742 2971 1526
2743 1015
2744 1379 1741
2745 622 2026 131
2746 2972
2747 2480 386
2748 2973 2849
2749 2198
2750 2974 2304
2751 2975 2156 1161
2752 2976
2753 425
2754 2977 1896
2755 1407 732 878
2756 186
2757 2308
2758 1379 2517
2759 2793 1100
2760 675
2761 1171
2762 2978
2763 1288
2764 173
2765 2660
2766 2979 1674
2767 569
2768 859
2769 2079 2304
2770 326 2980
2771 1255 339
2772 2981 1643 526 2910 2417
2773 2216
2774 1802 1537
2775 874
2776 2982
2777 2475
2778 1037 1250
2779 283 2983
2780 2984
2781 2985 1048
2782 2986 2987 154
2783 2988 977
2784 611
2785 2989 2990 2991
2786 1910
2787 2992 1636 71 1933
2788 2993 46
2789 2194 639
2790 613
2791 2994 1392 2995
2792 2319
2793 2432 2007
2794 2996 2997 2998
2795 2999
2796 1135
2797 3000 2079 3001 923
2798 2491
2799 905
2800 3002
2801 2380
2802 1770 2524 3003
2803 2133
2804 3004
2805 2398
2806 2065
2807 3005
2808 3006
2809 2928
2810 2793
2811 1591
2812 3007 2796
2813 1751
2814 3008
2815 2644 3009 821
2816 1736
2817 1003 1692
2818 2305 2675 1324
2819 1197
2820 1529
2821 3010
2822 502 3011
2823 1802
2824 1148
2825 137 3012 3013
2826 2883 1850
2827 1888
2828 3014 894
2829 1907
2830 3015
2831 328 1983 3016 3017
2832 370
2833 1573 507
2834 1616 1657 427
2835 3018
2836 1358 3019
2837 969 3020
2838 1001 2765
2839 419 1640 887 461 1140
2840 3021 2764
2841 2269
2842 2951
2843 3011
2844 3022
2845 3023 2782 388
2846 791 3024 2654 3025
2847 1249
2848 1984 1467
2849 2676 2266 1369 2692
2850 3026
2851 1494 145
2852 2174
2853 2913 3027
2854 3028 802 2869
2855 485
2856 852 2084
2857 2331
2858 1157
2859 1985 3029
2860 420 155 1913 3030
2861 3031 3032
2862 2614
2863 3033
2864 1334
2865 2944
2866 3034 2169 3035
2867 3036
2868 1158
2869 2953
2870 969 1528
2871 1661 3037 2837
2872 1121 940
2873 3038 550
2874 272 3039
2875 2667
2876 3040
2877 2340
2878 742
2879 3041
2880 2899
2881 1372 3042
2882 3043
2883 1714 1759
2884 3044
2885 1527
2886 2373 1753
2887 1313
2888 1632 471 1799 998 3045 3046
2889 2232
2890 1071
2891 2362 762 3047 472
2892 3048 707
2893 1280
2894 2819 74
2895 3049
2896 239 986 3050
2897 3051 1413 3052
2898 3053
2899 3054
2900 3055 1185
2901 3056
2902 2223
2903 3057
2904 1689 992 1003
2905 3058 3059
2906 3060
2907 1383 605 683
2908 2175
2909 3061
2910 1039 1671 1468
2911 3062 3063
2912 3000 3064
2913 2740
2914 3065
2915 3066 305
2916 3067
2917 3068
2918 3069 3070
2919 2121 2860 2148
2920 1030 1964
2921 3071
2922 3072 3073
2923 2499 1417 3074 830
2924 646 1122
2925 2911
2926 3075
2927 1214 824 3076
2928 2904
2929 3077
2930 760 3078 407
2931 1924 473
2932 3079 1895
2933 2075 2545
2934 3080 3081
2935 3082
2936 2903 494
2937 1385 1921
2938 354 3083
2939 984
2940 2623 1739 265
2941 3084
2942 3085 3086
2943 964
2944 392
2945 3087 234 578
2946 1273
2947 3088 939
2948 1950
2949 1859
2950 221 222 3089
2951 3090
2952 2757
2953 187 1273
2954 611
2955 1430 3091
2956 1211 3092
2957 1832 769 1996
2958 2117
2959 2542
2960 3093
2961 3094
2962 3095 2403
2963 561 235
2964 3096
2965 3097
2966 3098
2967 777
2968 2015
2969 3099
2970 1919 1446
2971 2692
2972 2372
2973 1511
2974 3100 3101
2975 502
2976 332 1569 1030
2977 437
2978 134 774
2979 2508 2969 583 965
2980 3102 3103
2981 1024
2982 641
2983 3104
2984 3105
2985 2980
2986 3106
2987 257
2988 2738
2989 2381
2990 3107
2991 1192
2992 3108 3109 758 1696
2993 3061
2994 3110 3111
2995 2924
2996 848
2997 2433
2998 875 3112 878 3113
2999 3114
3000 3115
3001 2091
3002 2086 49
3003 1548 3116
3004 573
3005 627
3006 1950
3007 666 3117 3118 1618
3008 2479 1876
3009 1335
3010 3119
3011 2307
3012 3120
3013 3115
3014 3121
3015 331
3016 2598
3017 3122 1571
3018 887
3019 3123
3020 132
3021 2399 2292
3022 3124
3023 2817
3024 2861 2704
3025 2617
3026 276
3027 3125 3126 2436 1926
3028 2598 3127
3029 2415 2355 3030 1630
3030 905
3031 3128 3129 1719 1702 3111
3032 611
3033 181
3034 3130
3035 406 3131 2702 3132 2730
3036 226
3037 2801
3038 1478
3039 3133 3134 3135
3040 1988
3041 3136
3042 217 321
3043 2560 407
3044 2693 506
3045 2084
3046 2889 2494 3137
3047 238 1005 1400
3048 417
3049 2984 3138 758
3050 2178
3051 2919 610
3052 1016
3053 119 757
3054 1174 407
3055 2033
3056 3139 843 2427
3057 249
3058 2593 3140
3059 269
3060 3141
3061 3142 3143 3144
3062 12
3063 3145 3146 2320 2997
3064 1654
3065 1289
3066 3147 3148 1271
3067 3149 3150
3068 2759 2386
3069 542
3070 3151 3152
3071 3153
3072 34
3073 686
3074 3154 2962
3075 764 758 765 3155
3076 996
3077 1339
3078 1839 187 732 2364
3079 1486 2891 1276
3080 673
3081 2987
3082 592
3083 2831
3084 1156 1791 3156
3085 2370
3086 3157
3087 1470
3088 2165 3158 48
3089 878
3090 1889
3091 3159
3092 3149
3093 2551
3094 761
3095 3051 2658
3096 3160
3097 1383 1254
3098 2282 3161
3099 652 2911 928
3100 3162 2758 3163
3101 1152
3102 3164
3103 1772
3104 1943 3165
3105 3166
3106 46
3107 1041
3108 525
3109 159
3110 3167
3111 3168
3112 2109
3113 2803 675
3114 2261
3115 2126 3169
3116 3104
3117 2737 2763
3118 1580 1196
3119 2051
3120 3142
3121 627 2439 2879
3122 1483
3123 553
3124 3012 3170
3125 3171 2713
3126 2440 3172
3127 3085 616
3128 2595
3129 2741
3130 2218
3131 3124 3173 1435 3174
3132 2939
3133 3175
3134 3176
3135 3177
3136 590
3137 3178
3138 881
3139 15 1821
3140 1438
3141 3179
3142 3180
3143 1372
3144 3181
3145 1132
3146 3182 3183
3147 2147
3148 2391
3149 2592
3150 2312 3184 1771
3151 1373 3185 3186 2060 1599
3152 3187
3153 1662 3146 3093 2581 2998
3154 3188
3155 3189 3190
3156 3191
3157 3063
3158 581
3159 2504 314 3192 2905
3160 3193 640
3161 1366 1215 999
3162 2422 1452
3163 1496 3194
3164 1354 2025 19
3165 3195 3196 3197
3166 3198
3167 966
3168 1657 326 3199
3169 2624
3170 2453 3200 3008 2155
3171 2866 2520
3172 3201 3028
3173 2177
3174 3202
3175 2904
3176 2023
3177 1857 1103
3178 3203 1434
3179 3204
3180 2074 626 949 473
3181 770
3182 38
3183 3205 3206
3184 2750
3185 1899
3186 3207 1110 2758 2366 1187 99 3208 981 1582 2531 2069 753 593 3209
3187 2406
3188 2199
3189 2382 3128
3190 1715
3191 1697 1283 2150
3192 1407 1273
3193 3210
3194 1443
3195 2670
3196 2691 2955 3211
3197 3212
3198 1003
3199 187
3200 2647 137
3201 1087 3213 1518 2057 828
3202 3102 3214 3215
3203 2070
3204 1544
3205 67
3206 2919
3207 99
3208 877 3216 2711 2477 2945
3209 78 2086 2294 407
3210 1643 3217
3211 3218 3147 113 582 608 1091 3219 192 2482 3220
3212 1878
3213 1883
3214 1656
3215 3221
3216 917 3222 3223 3209
3217 2045
3218 3052
3219 3026
3220 3224 3038
3221 2668 143 3225
3222 2856 2912
3223 1354 2950
3224 1645
3225 3226
3226 3227 2270
3227 1659
3228 813
3229 1044
3230 3228
3231 738
3232 2802
3233 3229
3234 3230 146 351 3144
3235 2963 3231 2078 1100
3236 3232
3237 3233
3238 1623
3239 1462
3240 3002
3241 978 3234 3235
3242 2916
3243 3236 3220
3244 1379 3237
3245 3062 161 2659 272
3246 2281
3247 1844
3248 3150
3249 174 407
3250 2406
3251 770
3252 3238
3253 3239 2589
3254 2583
3255 1039
3256 2933
3257 3240 3241
3258 1341
3259 3242 293
3260 1877 2484
3261 1563
3262 2746 2855
3263 842
3264 1359 244
3265 1760
3266 94 1012 3159 3243
3267 3244 781 1264
3268 3245
3269 3246
3270 648
3271 3247
3272 3248
3273 3249
3274 1828 488
3275 1763 1844
3276 978 1563 2429 3016 2515 407
3277 1179 1947 3112
3278 1914
3279 3250
3280 1256
3281 2978 2730 3251 465
3282 3252 3253 616 2612 1870
3283 1333 3254
3284 3255
3285 3256
3286 3257
3287 3258 3013
3288 2503 634
3289 2394 2920 3259
3290 2976 1609
3291 703
3292 3260 1964
3293 737
3294 111
3295 3261
3296 3262
3297 2236
3298 3263
3299 3264
3300 1441
3301 2443
3302 3265
3303 3266 2766
3304 1550
3305 732 2578
3306 1129 3121
3307 415
3308 2267
3309 3062 39
3310 3172
3311 502 2520 2356
3312 2041 3267
3313 914 3268 1609 3269
3314 466 3270
3315 1003
3316 770 304
3317 661 1236
3318 2819 1625
3319 3110
3320 1670
3321 2690 2416
3322 3050
3323 3076 836
3324 1627 93 2317
3325 1897 546
3326 3024 2709
3327 456 3271
3328 2446
3329 3202
3330 3272 1579
3331 326 1534
3332 3273
3333 3274 3214 3275
3334 3276
3335 2698 828 492
3336 1304
3337 3101 1208 615 3277
3338 2273 2049 1184
3339 419 2609 1706
3340 2980 1432 2285 513
3341 453
3342 939
3343 2640
3344 2487
3345 1366 2595 1249 433 2990 1144 3278
3346 1304 3021
3347 3279
3348 819
3349 1843
3350 2918
3351 3280
3352 2204 3281
3353 3092 3155
3354 625
3355 2829
3356 2842
3357 2416
3358 3282
3359 973
3360 1182 350
3361 1316 1228
3362 808
3363 2586
3364 1979 2967
3365 1967
3366 2936 3283
3367 2167
3368 1288 251 2610 224
3369 2108
3370 1175
3371 3284
3372 3285 1068 2890 2087 1136 3286 3287 1434 307 3041
3373 428
3374 2823 2056 1841
3375 3288 3289 2996
3376 868
3377 1251
3378 3230 1590 3201 2448 3136 3025
3379 2570
3380 682
3381 3290 2225
3382 3291 488
3383 2233 3292
3384 1917
3385 567 2588
3386 2089
3387 504 2535
3388 3293
3389 1837
3390 2824
3391 3294
3392 998 1938
3393 41
3394 630
3395 1634
3396 1105
3397 3295
3398 2352 1493
3399 3296
3400 983
3401 1406
3402 402 2523
3403 1202
3404 873
3405 862
3406 1628
3407 3023
3408 3032 1655
3409 3297
3410 2493
3411 1713 1168 2881
