0 0
1 1
2 2
3 3
4 4
5 5
6 6
7 7
8 8
9 9 10
10 11
11 12
12 13 14
13 15
14 16
15 17
16 2
17 6
18 16
19 18 19 20 4
20 21
21 22
22 23
23 22
24 5
25 24 25
26 26
27 27
28 28
29 15
30 1 29 30 31 32
31 33
32 34 6
33 35 36
34 37
35 38 39
36 25
37 17
38 18 40
39 41 10
40 42
41 43
42 44
43 45
44 46
45 47
46 48
47 49
48 50
49 51
50 52
51 53
52 54
53 55
54 21 24
55 34
56 56
57 56
58 57
59 15
60 58 59
61 5
62 60
63 61
64 13
65 33
66 52
67 62
68 53
69 63 27
70 64
71 65
72 66
73 67
74 68
75 69
76 66
77 2
78 38 70 71
79 45 72
80 25
81 11
82 12
83 8
84 73
85 52 74
86 75
87 47
88 76
89 6
90 77
91 78
92 69
93 9
94 58
95 79
96 67 73
97 80
98 81
99 81
100 77
101 82
102 83 84
103 85
104 86
105 87
106 26
107 35 30 82
108 14
109 30 27
110 88
111 56
112 89
113 19 90
114 46 91
115 1
116 92
117 26
118 42
119 87
120 93
121 94
122 95
123 13 93
124 63
125 96
126 97
127 35
128 98
129 99
130 58 59
131 71 32
132 76
133 27
134 100
135 101
136 102
137 45
138 62 78
139 103
140 75 49
141 2
142 104
143 23 105
144 2
145 85
146 106 107 44
147 86
148 101
149 100
150 75
151 102
152 108
153 84
154 83
155 9
156 69
157 109 61
158 38
159 57
160 67
161 83
162 110
163 111
164 112
165 24
166 11
167 84
168 93 69
169 46 32
170 37
171 65
172 62 98
173 113 81
174 114
175 57
176 115
177 106
178 116
179 7
180 60
181 76
182 48
183 19
184 60
185 2
186 41
187 105
188 51
189 15
190 103
191 117
192 92
193 92
194 118
195 15 31
196 115
197 3
198 56
199 116 64 101
200 29
201 23 42 119
202 47 71 118 44
203 50
204 97
205 70
206 79
207 120
208 115
209 2
210 54
211 88
212 64 27
213 58
